---
build/img/brand-a107ddc5.png: 2015-05-24 20:38:11.000000000 +09:00
build/img/ceo-7015e408.jpg: 2015-05-24 20:38:11.000000000 +09:00
build/img/cover-company-ca02103d.jpg: 2015-05-24 20:38:12.000000000 +09:00
build/img/cover-philosophy-a31996c6.png: 2015-05-24 20:41:04.000000000 +09:00
build/img/cover-philosophy-e113d54d.jpg: 2015-05-24 20:38:24.000000000 +09:00
build/img/cover-recruit-669d8dcb.jpg: 2015-05-24 20:38:12.000000000 +09:00
build/img/cover-top-4225aa0d.png: 2015-05-24 20:38:27.000000000 +09:00
build/img/cover-top-cfee5153.jpg: 2015-05-24 20:38:13.000000000 +09:00
build/img/cover-vision-13614e37.png: 2015-05-24 20:38:25.000000000 +09:00
